0 25 0.07517061192571273 0.10083021426866658 1.5099936611581782e-05 0.0216962683161435
25 50 0.07654358961900651 0.10965755700324546 -1.0779123701154102e-06 0.021585960333234545
50 75 0.08887879313046729 0.08074794606739243 -1.7502181216285596e-06 0.019815141978111354
75 100 0.08447749520525205 0.07983979342245723 -2.373725348198316e-06 0.01930307277844771
100 125 0.0799613105752082 0.0811013177474344 -2.9518886702089773e-06 0.02094883645439628
125 150 0.08566514899944742 0.06514750077629201 -3.919415494705714e-06 0.02315729869619654
150 175 0.0839186204219643 0.06401665541730796 -3.015786557282669e-06 0.022494380801949855
175 200 0.08325678693221479 0.06855161114274408 -1.5540422226501185e-06 0.02101049670535469
200 225 0.07163375249905192 0.09861328748305524 -1.0843559553095426e-06 0.01848501202801334
225 250 0.06966850265646987 0.10865721548059724 -9.222516952259214e-07 0.017543620041237166
250 275 0.07177753618727646 0.10806506059967019 -1.1408517659965014e-06 0.01759063647193551
275 300 0.07415735046496714 0.1064232738288173 -1.3824187422134185e-06 0.01784425299448171
300 325 0.07441692839416299 0.10840991341637946 -2.0849792240167623e-06 0.017905851573405275
325 350 0.07593464561772748 0.10706787204036348 -2.695487328274747e-06 0.018088451634185702
350 375 0.07364716711078804 0.11362967036671684 -2.938079056403725e-06 0.018540825353036944
375 400 0.07965680133436785 0.10294166930224048 -2.5265379161171025e-06 0.018594460216500526
400 425 0.07712995117156701 0.10852304833176242 -3.7399044994681457e-06 0.019262580346452444
425 450 0.07543093096232094 0.11381374205358616 -5.663104097143859e-06 0.02047050326419303
450 475 0.0743605945787697 0.11677809045712746 -6.346029584900913e-06 0.021091425696214666
475 500 0.08016544289782115 0.10486275934358777 -5.9440919409547336e-06 0.020571561452714143
500 525 0.07780767722495811 0.10967082551398681 -6.86489356928302e-06 0.021686639566129776
525 550 0.07720657339048977 0.11231819246102902 -1.0599946929014755e-05 0.022838050193077948
550 575 0.0712623140417721 0.12620433238643933 -1.2379860774245106e-05 0.022905801843331956
575 600 0.07296714843577476 0.1239267271397911 -1.5998907587418704e-05 0.02364862513319539
600 625 0.07329561758809412 0.12216705215685023 -1.4537347926463127e-05 0.023654892603218097
625 650 0.071619703762259 0.12632699086166377 -2.1453932962205988e-05 0.02604686880216075
650 675 0.06850532721627228 0.133196742599516 -1.0039270257368434e-05 0.022859689819439127
675 700 0.06922746991564376 0.133398434607286 -3.5986192776539954e-05 0.029079721722898206
700 725 0.07070993339641402 0.13061399184544825 -3.457058185388588e-05 0.02772165678162415
725 750 0.07231894569909328 0.12518479582554903 -4.560509120402565e-05 0.03235472522156625
750 775 0.06203045521375433 0.15664933475403423 -2.2617731670166417e-05 0.026377674895661563
775 800 0.06096735318185837 0.15840722206787708 -1.3449848848284682e-05 0.023369623213848466
800 825 0.06527298329915032 0.14741296455131325 -1.1030562038572542e-05 0.019968181147828848
825 850 0.06257978120198393 0.14698330277538332 -3.647225469384732e-05 0.02683798517018845
